info : 4
x1 =  -4.693617  fx=   0.261324
x2 =   3.738760  fx=   0.185030
x3 =   1.598040  fx=   0.598216
info : 4
x1 =  -1.586247  fx=   0.263509
x2 =   3.778390  fx=   0.188108
x3 =  -1.609435  fx=  -0.609555
