info : 1
x1 =   0.900000  fx=   0.000000
x2 =  -1.000000  fx=   0.000000
x3 =   0.500000  fx=  -0.000000
info : 1
x1 =   0.500000  fx=   0.000000
x2 =   1.000000  fx=   0.000000
x3 =  -0.500000  fx=  -0.000000
